2.11
2.28
2.32
2.142
2.145
2.265
2.268
2.279
2.291
2.323
2.439
2.463
2.479
2.604
2.614
2.633
2.634
3.22
6.1
6.71
8.2
8.6
12.7
12.114
12.15
12.171
12.178
12.192
12.193
12.209
12.215
12.286
15.21
15.49
15.53
15.79
16.66
16.75
16.122
16.132
16.14
16.193
18.1
19.107
20.2
21.47
22.4
22.16
22.22
24.8
24.9
25.24
25.32
26.2
26.26
26.29
27.16
27.24
28.7
35.16
36.9
41.1
42.2
46.9
48.1
48.5
50.1
50.13
55.4
55.5
62.5
62.1
62.18
73.27
75.23
76.5
77.3
78.8
79.3
82.4
83.2
84.11
86.12
87.1
88.4
91.2
97.1
98.4
103.1
103.4
104.23
105.1
107.3
109.9
109.29
109.42
112.8
121.2
122.9
122.11
122.17
123.31
124.2
127.11
127.13
133.7
138.1
139.35
148.2
151.15
152.4
156.1
157.3
160.7
161.7
162.3
163.5
165.6
168.2
174.3
174.11
177.4
191.2
196.35
200.4
203.2
206.3
208.3
212.1
212.27
212.49
223.2
230.1
234.13
247.3
311.46
313.1
